2.5.1
[1, 2, 3, 4, 1, 2, 3, 4]
[2 4 6 8]
<class 'numpy.ndarray'>
3
(3, 3, 3)
B
A
N
ASS
[[ 1  2  3  4]
 [ 5  6  7  8]
 [ 9 10 11 12]
 [13 14 15 16]]
[[ 5  6  7  8]
 [ 9 10 11 12]
 [13 14 15 16]]
[[ 1  2  3  4]
 [ 9 10 11 12]]
[[13 14 15 16]
 [ 9 10 11 12]
 [ 5  6  7  8]
 [ 1  2  3  4]]
[ 4  8 12 16]
[1 2 3]
[2 3 4]
[-1  0  1]
[3 6 9]
[0.25 0.5  0.75]
[  1  32 243]
[1.         1.41421356 1.73205081]
[1 2 3]
[1 2 3]
[1 2 3]
3.141592653589793
[ 3.14159265 12.56637061 28.27433388]
[5 7 9]
[ 4 10 18]
[0.25 0.4  0.5 ]
[-3 -3 -3]
[  1  32 729]
[False False  True False False False]
[ True  True  True  True  True  True]
[False False False False False False]
[ 91   0 100  92  93  95]
(1, 4)
(4, 1)
[[ 1  2  3  4]
 [ 2  4  6  8]
 [ 3  6  9 12]
 [ 4  8 12 16]]
(1, 10)
(10, 1)
[[  1   2   3   4   5   6   7   8   9  10]
 [  2   4   6   8  10  12  14  16  18  20]
 [  3   6   9  12  15  18  21  24  27  30]
 [  4   8  12  16  20  24  28  32  36  40]
 [  5  10  15  20  25  30  35  40  45  50]
 [  6  12  18  24  30  36  42  48  54  60]
 [  7  14  21  28  35  42  49  56  63  70]
 [  8  16  24  32  40  48  56  64  72  80]
 [  9  18  27  36  45  54  63  72  81  90]
 [ 10  20  30  40  50  60  70  80  90 100]]
55
5.5
2.8722813232690143
8.25
1
10
0
9
5.5
[ 7  9 11 13 15]
[15 40]
[17 16 15]
[21 19 20 30 18 39 22 18 19 20 21]
[17 16 65 15 99]
[65 99]
[20 16 30 18 22 18 20]
[21 17 19 65 39 15 99 19 21]
[[21  0 19 20  0 30 18 65]
 [39 22  0 99 18 19 20 21]]
5
1
89
[90 22 42]
[[85  4]
 [18 48]
 [10 84]]
[[48 52]
 [76 96]
 [ 4 15]]
[ 0.61749559 -0.40708251  0.22046049]
[4 1 2 5 3]
[['orange' 'pineapple' 'coconut']
 ['orange' 'coconut' 'pineapple']
 ['apple' 'pineapple' 'banana']]
[['🥐' '🍞' '🥖']
 ['🍞' '🥨' '🍞']
 ['🥯' '🥨' '🥖']]

